-26.4760874622284
18.4566860957893
-22.4384865517350
6.16134066128735
-28.9617157557952
25.2102942324234
30.8530237396060
2.67390538822367
26.9766666416893
25.7625314827339
49.8705499282741
29.3845372905992
51.6180789326380
28.3710348913003
18.8674679777065
34.4844134924719
33.1248539870135
59.0967371843452
40.6548304400475
25.5727448734772
42.8634355621071
74.6090827502140
41.5220398568113
38.3504312247493
76.6777946981704
59.4470048802884
51.4304718693569
45.3457876998473
31.2334669749413
69.3541784883927
61.1956156190584
77.3762015528671
40.5059750651690
103.820359041465
87.6484866261240
44.6542225187754
104.565311836890
70.5732884752555
92.3388755945125
92.7081725452616
70.7495757667286
29.3092052960414
106.232216524876
89.1151791821556
85.6771051958071
110.236079585027
88.0370241429784
120.166202908401
110.909744131418
87.9709845336271
130.380258850463
124.599197345176
143.897648804938
98.9023015754655
101.033966953896
129.813170405574
139.784729547915
145.518564150678
129.633204121001
126.490371662992
148.232064088963
179.279715254345
157.710851816467
142.299813055675
129.990690652313
155.814513876355
136.359701382539
154.445803984268
168.511460212449
173.914004501710
168.709034114459
188.274554098501
200.876508521533
120.591375116217
125.398948059628
146.421892794652
124.955604160194
163.243798730101
165.889183282446
180.989372105319
183.965561825744
164.764291501526
164.157081269621
201.694856294741
178.027204413071
158.453508256414
191.036763997362
197.490905006456
186.147438860860
211.978345945575
204.537207067558
197.077451511105
202.981239437729
216.220000102848
198.618817666214
187.311172109898
209.287146290872
217.741252991544
228.297423207146
218.617282351125
211.407971107039
236.779383766862
223.352374194850
245.794537139704
228.254339729210
232.281573245335
232.589065228278
216.532757791971
218.597066268887
220.033145199453
282.636256455070
241.155842303242
268.439056394298
257.621439417419
293.034166615102
274.715583409557
229.516795436054
251.500738909127
280.506220815576
269.420082718872
315.104299538591
266.406412729797
235.508990492291
281.609832864696
253.969984710190
277.307562245852
302.127009246026
287.379932719585
289.382047939446
280.641193978081
283.948706475257
287.092440864864
229.972397191687
302.392053872998
317.715437358341
269.572075965216
266.826696035177
316.162248768605
271.524503127278
269.933152956125
326.427476416069
296.865788068238
340.837866226972
287.210182806970
304.314245580303
325.337294649813
334.295681255819
334.687954986380
330.802054066199
323.724290973134
318.227229521691
343.730585897670
326.839681878932
346.815541910126
363.659528815913
292.434698234232
383.808563070524
332.394671652498
377.452080558325
384.815025286795
320.554021722851
358.952643833913
433.507718116617
354.718212062209
372.328216395234
371.099472638306
393.903845780456
392.191312521981
349.568086572612
362.933018840565
382.320854789842
375.675125597177
434.919443130172
390.990199630725
393.155389795967
367.291128105885
359.144942447455
407.571139739276
387.950196632197
408.761361957599
378.377566012487
418.570989320026
361.153298750578
437.707035986855
424.053014620291
410.043406397622
384.265766374843
403.254214543638
419.784474842891
442.951367593634
395.832084520602
449.253228594289
483.848706733529
414.242362713368
437.642841537281
415.059468482568
393.936940669965
466.251420290341
451.361019843208
427.044666293158
